   1.0000000e-02   9.9975007e-01
   1.0139254e-02   9.9974306e-01
   1.0280447e-02   9.9973586e-01
   1.0423607e-02   9.9972845e-01
   1.0568760e-02   9.9972084e-01
   1.0715934e-02   9.9971301e-01
   1.0865158e-02   9.9970496e-01
   1.1016459e-02   9.9969669e-01
   1.1169868e-02   9.9968818e-01
   1.1325413e-02   9.9967944e-01
   1.1483124e-02   9.9967045e-01
   1.1643031e-02   9.9966121e-01
   1.1805165e-02   9.9965171e-01
   1.1969557e-02   9.9964195e-01
   1.2136238e-02   9.9963191e-01
   1.2305240e-02   9.9962159e-01
   1.2476596e-02   9.9961098e-01
   1.2650337e-02   9.9960007e-01
   1.2826498e-02   9.9958886e-01
   1.3005113e-02   9.9957734e-01
   1.3186214e-02   9.9956549e-01
   1.3369837e-02   9.9955330e-01
   1.3556018e-02   9.9954078e-01
   1.3744791e-02   9.9952791e-01
   1.3936193e-02   9.9951467e-01
   1.4130260e-02   9.9950106e-01
   1.4327030e-02   9.9948708e-01
   1.4526539e-02   9.9947270e-01
   1.4728827e-02   9.9945791e-01
   1.4933932e-02   9.9944272e-01
   1.5141893e-02   9.9942709e-01
   1.5352750e-02   9.9941103e-01
   1.5566544e-02   9.9939452e-01
   1.5783314e-02   9.9937755e-01
   1.6003103e-02   9.9936010e-01
   1.6225953e-02   9.9934217e-01
   1.6451906e-02   9.9932372e-01
   1.6681005e-02   9.9930477e-01
   1.6913295e-02   9.9928528e-01
   1.7148820e-02   9.9926525e-01
   1.7387624e-02   9.9924465e-01
   1.7629754e-02   9.9922348e-01
   1.7875255e-02   9.9920171e-01
   1.8124175e-02   9.9917934e-01
   1.8376562e-02   9.9915634e-01
   1.8632463e-02   9.9913269e-01
   1.8891928e-02   9.9910838e-01
   1.9155006e-02   9.9908339e-01
   1.9421747e-02   9.9905771e-01
   1.9692203e-02   9.9903130e-01
   1.9966425e-02   9.9900415e-01
   2.0244465e-02   9.9897624e-01
   2.0526378e-02   9.9894755e-01
   2.0812216e-02   9.9891806e-01
   2.1102034e-02   9.9888774e-01
   2.1395889e-02   9.9885657e-01
   2.1693835e-02   9.9882453e-01
   2.1995931e-02   9.9879159e-01
   2.2302233e-02   9.9875773e-01
   2.2612801e-02   9.9872292e-01
   2.2927693e-02   9.9868714e-01
   2.3246971e-02   9.9865036e-01
   2.3570694e-02   9.9861254e-01
   2.3898926e-02   9.9857367e-01
   2.4231728e-02   9.9853371e-01
   2.4569165e-02   9.9849263e-01
   2.4911300e-02   9.9845041e-01
   2.5258200e-02   9.9840700e-01
   2.5609931e-02   9.9836237e-01
   2.5966560e-02   9.9831650e-01
   2.6328155e-02   9.9826934e-01
   2.6694785e-02   9.9822087e-01
   2.7066521e-02   9.9817104e-01
   2.7443433e-02   9.9811981e-01
   2.7825594e-02   9.9806715e-01
   2.8213077e-02   9.9801302e-01
   2.8605955e-02   9.9795738e-01
   2.9004305e-02   9.9790018e-01
   2.9408202e-02   9.9784138e-01
   2.9817723e-02   9.9778093e-01
   3.0232947e-02   9.9771880e-01
   3.0653953e-02   9.9765493e-01
   3.1080822e-02   9.9758927e-01
   3.1513635e-02   9.9752178e-01
   3.1952475e-02   9.9745241e-01
   3.2397426e-02   9.9738109e-01
   3.2848574e-02   9.9730778e-01
   3.3306003e-02   9.9723243e-01
   3.3769803e-02   9.9715497e-01
   3.4240061e-02   9.9707534e-01
   3.4716868e-02   9.9699349e-01
   3.5200315e-02   9.9690936e-01
   3.5690493e-02   9.9682287e-01
   3.6187498e-02   9.9673398e-01
   3.6691424e-02   9.9664260e-01
   3.7202367e-02   9.9654867e-01
   3.7720425e-02   9.9645212e-01
   3.8245697e-02   9.9635287e-01
   3.8778284e-02   9.9625086e-01
   3.9318288e-02   9.9614600e-01
   3.9865811e-02   9.9603821e-01
   4.0420958e-02   9.9592742e-01
   4.0983837e-02   9.9581354e-01
   4.1554553e-02   9.9569649e-01
   4.2133217e-02   9.9557617e-01
   4.2719940e-02   9.9545250e-01
   4.3314832e-02   9.9532539e-01
   4.3918009e-02   9.9519473e-01
   4.4529585e-02   9.9506043e-01
   4.5149678e-02   9.9492240e-01
   4.5778405e-02   9.9478052e-01
   4.6415888e-02   9.9463469e-01
   4.7062248e-02   9.9448480e-01
   4.7717609e-02   9.9433075e-01
   4.8382097e-02   9.9417240e-01
   4.9055837e-02   9.9400966e-01
   4.9738960e-02   9.9384238e-01
   5.0431595e-02   9.9367046e-01
   5.1133875e-02   9.9349376e-01
   5.1845935e-02   9.9331215e-01
   5.2567911e-02   9.9312549e-01
   5.3299941e-02   9.9293366e-01
   5.4042164e-02   9.9273649e-01
   5.4794723e-02   9.9253385e-01
   5.5557762e-02   9.9232559e-01
   5.6331427e-02   9.9211156e-01
   5.7115865e-02   9.9189159e-01
   5.7911226e-02   9.9166552e-01
   5.8717664e-02   9.9143318e-01
   5.9535331e-02   9.9119441e-01
   6.0364385e-02   9.9094903e-01
   6.1204984e-02   9.9069685e-01
   6.2057288e-02   9.9043770e-01
   6.2921461e-02   9.9017138e-01
   6.3797668e-02   9.8989769e-01
   6.4686077e-02   9.8961643e-01
   6.5586857e-02   9.8932741e-01
   6.6500180e-02   9.8903040e-01
   6.7426222e-02   9.8872520e-01
   6.8365160e-02   9.8841157e-01
   6.9317173e-02   9.8808929e-01
   7.0282443e-02   9.8775813e-01
   7.1261154e-02   9.8741784e-01
   7.2253495e-02   9.8706818e-01
   7.3259654e-02   9.8670889e-01
   7.4279825e-02   9.8633972e-01
   7.5314202e-02   9.8596040e-01
   7.6362983e-02   9.8557065e-01
   7.7426368e-02   9.8517020e-01
   7.8504562e-02   9.8475875e-01
   7.9597770e-02   9.8433602e-01
   8.0706201e-02   9.8390169e-01
   8.1830068e-02   9.8345546e-01
   8.2969585e-02   9.8299702e-01
   8.4124970e-02   9.8252603e-01
   8.5296445e-02   9.8204216e-01
   8.6484233e-02   9.8154506e-01
   8.7688561e-02   9.8103440e-01
   8.8909660e-02   9.8050980e-01
   9.0147763e-02   9.7997089e-01
   9.1403107e-02   9.7941731e-01
   9.2675933e-02   9.7884866e-01
   9.3966483e-02   9.7826454e-01
   9.5275005e-02   9.7766455e-01
   9.6601748e-02   9.7704826e-01
   9.7946967e-02   9.7641527e-01
   9.9310918e-02   9.7576511e-01
   1.0069386e-01   9.7509736e-01
   1.0209607e-01   9.7441155e-01
   1.0351780e-01   9.7370720e-01
   1.0495932e-01   9.7298385e-01
   1.0642092e-01   9.7224099e-01
   1.0790288e-01   9.7147813e-01
   1.0940547e-01   9.7069475e-01
   1.1092899e-01   9.6989032e-01
   1.1247372e-01   9.6906430e-01
   1.1403996e-01   9.6821614e-01
   1.1562801e-01   9.6734528e-01
   1.1723818e-01   9.6645114e-01
   1.1887077e-01   9.6553313e-01
   1.2052609e-01   9.6459065e-01
   1.2220447e-01   9.6362307e-01
   1.2390622e-01   9.6262978e-01
   1.2563166e-01   9.6161012e-01
   1.2738113e-01   9.6056345e-01
   1.2915497e-01   9.5948908e-01
   1.3095350e-01   9.5838634e-01
   1.3277708e-01   9.5725451e-01
   1.3462606e-01   9.5609290e-01
   1.3650078e-01   9.5490076e-01
   1.3840161e-01   9.5367737e-01
   1.4032891e-01   9.5242194e-01
   1.4228305e-01   9.5113372e-01
   1.4426440e-01   9.4981192e-01
   1.4627334e-01   9.4845572e-01
   1.4831025e-01   9.4706431e-01
   1.5037553e-01   9.4563686e-01
   1.5246957e-01   9.4417252e-01
   1.5459277e-01   9.4267041e-01
   1.5674554e-01   9.4112967e-01
   1.5892829e-01   9.3954939e-01
   1.6114143e-01   9.3792866e-01
   1.6338539e-01   9.3626655e-01
   1.6566060e-01   9.3456213e-01
   1.6796749e-01   9.3281443e-01
   1.7030650e-01   9.3102249e-01
   1.7267809e-01   9.2918531e-01
   1.7508270e-01   9.2730189e-01
   1.7752080e-01   9.2537122e-01
   1.7999285e-01   9.2339227e-01
   1.8249932e-01   9.2136399e-01
   1.8504070e-01   9.1928532e-01
   1.8761747e-01   9.1715520e-01
   1.9023012e-01   9.1497254e-01
   1.9287915e-01   9.1273623e-01
   1.9556507e-01   9.1044518e-01
   1.9828839e-01   9.0809827e-01
   2.0104964e-01   9.0569435e-01
   2.0384934e-01   9.0323229e-01
   2.0668802e-01   9.0071095e-01
   2.0956624e-01   8.9812915e-01
   2.1248454e-01   8.9548574e-01
   2.1544347e-01   8.9277954e-01
   2.1844361e-01   8.9000936e-01
   2.2148552e-01   8.8717402e-01
   2.2456980e-01   8.8427233e-01
   2.2769703e-01   8.8130310e-01
   2.3086780e-01   8.7826512e-01
   2.3408273e-01   8.7515722e-01
   2.3734243e-01   8.7197817e-01
   2.4064752e-01   8.6872681e-01
   2.4399863e-01   8.6540192e-01
   2.4739641e-01   8.6200234e-01
   2.5084151e-01   8.5852687e-01
   2.5433458e-01   8.5497435e-01
   2.5787629e-01   8.5134362e-01
   2.6146732e-01   8.4763353e-01
   2.6510836e-01   8.4384295e-01
   2.6880010e-01   8.3997076e-01
   2.7254325e-01   8.3601586e-01
   2.7633853e-01   8.3197717e-01
   2.8018666e-01   8.2785363e-01
   2.8408837e-01   8.2364422e-01
   2.8804442e-01   8.1934793e-01
   2.9205555e-01   8.1496378e-01
   2.9612254e-01   8.1049085e-01
   3.0024617e-01   8.0592823e-01
   3.0442722e-01   8.0127505e-01
   3.0866649e-01   7.9653049e-01
   3.1296480e-01   7.9169377e-01
   3.1732296e-01   7.8676416e-01
   3.2174182e-01   7.8174099e-01
   3.2622220e-01   7.7662363e-01
   3.3076498e-01   7.7141152e-01
   3.3537102e-01   7.6610415e-01
   3.4004119e-01   7.6070107e-01
   3.4477641e-01   7.5520192e-01
   3.4957756e-01   7.4960640e-01
   3.5444557e-01   7.4391427e-01
   3.5938137e-01   7.3812540e-01
   3.6438590e-01   7.3223971e-01
   3.6946012e-01   7.2625724e-01
   3.7460500e-01   7.2017808e-01
   3.7982153e-01   7.1400245e-01
   3.8511070e-01   7.0773064e-01
   3.9047352e-01   7.0136305e-01
   3.9591103e-01   6.9490019e-01
   4.0142425e-01   6.8834267e-01
   4.0701425e-01   6.8169121e-01
   4.1268208e-01   6.7494665e-01
   4.1842885e-01   6.6810993e-01
   4.2425564e-01   6.6118212e-01
   4.3016358e-01   6.5416443e-01
   4.3615378e-01   6.4705815e-01
   4.4222740e-01   6.3986475e-01
   4.4838559e-01   6.3258579e-01
   4.5462955e-01   6.2522298e-01
   4.6096045e-01   6.1777816e-01
   4.6737951e-01   6.1025329e-01
   4.7388796e-01   6.0265050e-01
   4.8048704e-01   5.9497202e-01
   4.8717802e-01   5.8722023e-01
   4.9396217e-01   5.7939766e-01
   5.0084080e-01   5.7150696e-01
   5.0781521e-01   5.6355093e-01
   5.1488675e-01   5.5553250e-01
   5.2205675e-01   5.4745473e-01
   5.2932661e-01   5.3932081e-01
   5.3669769e-01   5.3113409e-01
   5.4417143e-01   5.2289801e-01
   5.5174924e-01   5.1461616e-01
   5.5943257e-01   5.0629224e-01
   5.6722290e-01   4.9793007e-01
   5.7512171e-01   4.8953360e-01
   5.8313051e-01   4.8110686e-01
   5.9125084e-01   4.7265400e-01
   5.9948425e-01   4.6417927e-01
   6.0783231e-01   4.5568700e-01
   6.1629663e-01   4.4718162e-01
   6.2487881e-01   4.3866763e-01
   6.3358050e-01   4.3014959e-01
   6.4240337e-01   4.2163214e-01
   6.5134909e-01   4.1311997e-01
   6.6041940e-01   4.0461781e-01
   6.6961601e-01   3.9613042e-01
   6.7894068e-01   3.8766260e-01
   6.8839521e-01   3.7921916e-01
   6.9798139e-01   3.7080493e-01
   7.0770107e-01   3.6242472e-01
   7.1755609e-01   3.5408334e-01
   7.2754835e-01   3.4578556e-01
   7.3767976e-01   3.3753616e-01
   7.4795225e-01   3.2933981e-01
   7.5836779e-01   3.2120119e-01
   7.6892837e-01   3.1312488e-01
   7.7963601e-01   3.0511539e-01
   7.9049276e-01   2.9717715e-01
   8.0150070e-01   2.8931449e-01
   8.1266192e-01   2.8153164e-01
   8.2397857e-01   2.7383271e-01
   8.3545281e-01   2.6622171e-01
   8.4708683e-01   2.5870247e-01
   8.5888286e-01   2.5127873e-01
   8.7084315e-01   2.4395405e-01
   8.8297000e-01   2.3673184e-01
   8.9526571e-01   2.2961536e-01
   9.0773265e-01   2.2260767e-01
   9.2037320e-01   2.1571169e-01
   9.3318977e-01   2.0893014e-01
   9.4618482e-01   2.0226556e-01
   9.5936083e-01   1.9572028e-01
   9.7272032e-01   1.8929647e-01
   9.8626585e-01   1.8299609e-01
   1.0000000e+00   1.7682089e-01
   1.0139254e+00   1.7077244e-01
   1.0280447e+00   1.6485210e-01
   1.0423607e+00   1.5906103e-01
   1.0568760e+00   1.5340019e-01
   1.0715934e+00   1.4787034e-01
   1.0865158e+00   1.4247206e-01
   1.1016459e+00   1.3720572e-01
   1.1169868e+00   1.3207151e-01
   1.1325413e+00   1.2706941e-01
   1.1483124e+00   1.2219925e-01
   1.1643031e+00   1.1746067e-01
   1.1805165e+00   1.1285313e-01
   1.1969557e+00   1.0837593e-01
   1.2136238e+00   1.0402820e-01
   1.2305240e+00   9.9808940e-02
   1.2476596e+00   9.5716972e-02
   1.2650337e+00   9.1750997e-02
   1.2826498e+00   8.7909576e-02
   1.3005113e+00   8.4191148e-02
   1.3186214e+00   8.0594030e-02
   1.3369837e+00   7.7116432e-02
   1.3556018e+00   7.3756459e-02
   1.3744791e+00   7.0512124e-02
   1.3936193e+00   6.7381351e-02
   1.4130260e+00   6.4361987e-02
   1.4327030e+00   6.1451808e-02
   1.4526539e+00   5.8648526e-02
   1.4728827e+00   5.5949798e-02
   1.4933932e+00   5.3353235e-02
   1.5141893e+00   5.0856403e-02
   1.5352750e+00   4.8456839e-02
   1.5566544e+00   4.6152051e-02
   1.5783314e+00   4.3939527e-02
   1.6003103e+00   4.1816742e-02
   1.6225953e+00   3.9781163e-02
   1.6451906e+00   3.7830256e-02
   1.6681005e+00   3.5961490e-02
   1.6913295e+00   3.4172345e-02
   1.7148820e+00   3.2460313e-02
   1.7387624e+00   3.0822907e-02
   1.7629754e+00   2.9257661e-02
   1.7875255e+00   2.7762137e-02
   1.8124175e+00   2.6333929e-02
   1.8376562e+00   2.4970665e-02
   1.8632463e+00   2.3670009e-02
   1.8891928e+00   2.2429666e-02
   1.9155006e+00   2.1247386e-02
   1.9421747e+00   2.0120961e-02
   1.9692203e+00   1.9048231e-02
   1.9966425e+00   1.8027086e-02
   2.0244465e+00   1.7055466e-02
   2.0526378e+00   1.6131362e-02
   2.0812216e+00   1.5252817e-02
   2.1102034e+00   1.4417929e-02
   2.1395889e+00   1.3624849e-02
   2.1693835e+00   1.2871781e-02
   2.1995931e+00   1.2156987e-02
   2.2302233e+00   1.1478781e-02
   2.2612801e+00   1.0835531e-02
   2.2927693e+00   1.0225663e-02
   2.3246971e+00   9.6476513e-03
   2.3570694e+00   9.1000283e-03
   2.3898926e+00   8.5813769e-03
   2.4231728e+00   8.0903324e-03
   2.4569165e+00   7.6255814e-03
   2.4911300e+00   7.1858606e-03
   2.5258200e+00   6.7699562e-03
   2.5609931e+00   6.3767025e-03
   2.5966560e+00   6.0049811e-03
   2.6328155e+00   5.6537198e-03
   2.6694785e+00   5.3218909e-03
   2.7066521e+00   5.0085107e-03
   2.7443433e+00   4.7126380e-03
   2.7825594e+00   4.4333725e-03
   2.8213077e+00   4.1698543e-03
   2.8605955e+00   3.9212617e-03
   2.9004305e+00   3.6868109e-03
   2.9408202e+00   3.4657539e-03
   2.9817723e+00   3.2573777e-03
   3.0232947e+00   3.0610032e-03
   3.0653953e+00   2.8759833e-03
   3.1080822e+00   2.7017025e-03
   3.1513635e+00   2.5375749e-03
   3.1952475e+00   2.3830437e-03
   3.2397426e+00   2.2375796e-03
   3.2848574e+00   2.1006799e-03
   3.3306003e+00   1.9718673e-03
   3.3769803e+00   1.8506889e-03
   3.4240061e+00   1.7367149e-03
   3.4716868e+00   1.6295379e-03
   3.5200315e+00   1.5287716e-03
   3.5690493e+00   1.4340504e-03
   3.6187498e+00   1.3450276e-03
   3.6691424e+00   1.2613753e-03
   3.7202367e+00   1.1827831e-03
   3.7720425e+00   1.1089573e-03
   3.8245697e+00   1.0396204e-03
   3.8778284e+00   9.7450973e-04
   3.9318288e+00   9.1337741e-04
   3.9865811e+00   8.5598909e-04
   4.0420958e+00   8.0212352e-04
   4.0983837e+00   7.5157181e-04
   4.1554553e+00   7.0413682e-04
   4.2133217e+00   6.5963254e-04
   4.2719940e+00   6.1788355e-04
   4.3314832e+00   5.7872440e-04
   4.3918009e+00   5.4199914e-04
   4.4529585e+00   5.0756080e-04
   4.5149678e+00   4.7527090e-04
   4.5778405e+00   4.4499901e-04
   4.6415888e+00   4.1662227e-04
   4.7062248e+00   3.9002505e-04
   4.7717609e+00   3.6509847e-04
   4.8382097e+00   3.4174009e-04
   4.9055837e+00   3.1985353e-04
   4.9738960e+00   2.9934812e-04
   5.0431595e+00   2.8013860e-04
   5.1133875e+00   2.6214480e-04
   5.1845935e+00   2.4529134e-04
   5.2567911e+00   2.2950740e-04
   5.3299941e+00   2.1472641e-04
   5.4042164e+00   2.0088582e-04
   5.4794723e+00   1.8792689e-04
   5.5557762e+00   1.7579444e-04
   5.6331427e+00   1.6443666e-04
   5.7115865e+00   1.5380490e-04
   5.7911226e+00   1.4385350e-04
   5.8717664e+00   1.3453959e-04
   5.9535331e+00   1.2582295e-04
   6.0364385e+00   1.1766583e-04
   6.1204984e+00   1.1003283e-04
   6.2057288e+00   1.0289074e-04
   6.2921461e+00   9.6208388e-05
   6.3797668e+00   8.9956574e-05
   6.4686077e+00   8.4107899e-05
   6.5586857e+00   7.8636680e-05
   6.6500180e+00   7.3518843e-05
   6.7426222e+00   6.8731818e-05
   6.8365160e+00   6.4254456e-05
   6.9317173e+00   6.0066936e-05
   7.0282443e+00   5.6150687e-05
   7.1261154e+00   5.2488308e-05
   7.2253495e+00   4.9063499e-05
   7.3259654e+00   4.5860991e-05
   7.4279825e+00   4.2866482e-05
   7.5314202e+00   4.0066579e-05
   7.6362983e+00   3.7448740e-05
   7.7426368e+00   3.5001219e-05
   7.8504562e+00   3.2713020e-05
   7.9597770e+00   3.0573849e-05
   8.0706201e+00   2.8574069e-05
   8.1830068e+00   2.6704659e-05
   8.2969585e+00   2.4957175e-05
   8.4124970e+00   2.3323715e-05
   8.5296445e+00   2.1796884e-05
   8.6484233e+00   2.0369762e-05
   8.7688561e+00   1.9035873e-05
   8.8909660e+00   1.7789158e-05
   9.0147763e+00   1.6623950e-05
   9.1403107e+00   1.5534945e-05
   9.2675933e+00   1.4517182e-05
   9.3966483e+00   1.3566021e-05
   9.5275005e+00   1.2677122e-05
   9.6601748e+00   1.1846424e-05
   9.7946967e+00   1.1070132e-05
   9.9310918e+00   1.0344695e-05
   1.0069386e+01   9.6667908e-06
   1.0209607e+01   9.0333156e-06
   1.0351780e+01   8.4413656e-06
   1.0495932e+01   7.8882259e-06
   1.0642092e+01   7.3713582e-06
   1.0790288e+01   6.8883894e-06
   1.0940547e+01   6.4371005e-06
   1.1092899e+01   6.0154176e-06
   1.1247372e+01   5.6214015e-06
   1.1403996e+01   5.2532396e-06
   1.1562801e+01   4.9092376e-06
   1.1723818e+01   4.5878117e-06
   1.1887077e+01   4.2874816e-06
   1.2052609e+01   4.0068638e-06
   1.2220447e+01   3.7446649e-06
   1.2390622e+01   3.4996765e-06
   1.2563166e+01   3.2707690e-06
   1.2738113e+01   3.0568868e-06
   1.2915497e+01   2.8570434e-06
   1.3095350e+01   2.6703168e-06
   1.3277708e+01   2.4958457e-06
   1.3462606e+01   2.3328250e-06
   1.3650078e+01   2.1805024e-06
   1.3840161e+01   2.0381751e-06
   1.4032891e+01   1.9051862e-06
   1.4228305e+01   1.7809221e-06
   1.4426440e+01   1.6648094e-06
   1.4627334e+01   1.5563123e-06
   1.4831025e+01   1.4549302e-06
   1.5037553e+01   1.3601955e-06
   1.5246957e+01   1.2716712e-06
   1.5459277e+01   1.1889490e-06
   1.5674554e+01   1.1116475e-06
   1.5892829e+01   1.0394104e-06
   1.6114143e+01   9.7190479e-07
   1.6338539e+01   9.0881963e-07
   1.6566060e+01   8.4986438e-07
   1.6796749e+01   7.9476758e-07
   1.7030650e+01   7.4327564e-07
   1.7267809e+01   6.9515166e-07
   1.7508270e+01   6.5017433e-07
   1.7752080e+01   6.0813689e-07
   1.7999285e+01   5.6884620e-07
   1.8249932e+01   5.3212183e-07
   1.8504070e+01   4.9779522e-07
   1.8761747e+01   4.6570891e-07
   1.9023012e+01   4.3571580e-07
   1.9287915e+01   4.0767847e-07
   1.9556507e+01   3.8146856e-07
   1.9828839e+01   3.5696615e-07
   2.0104964e+01   3.3405922e-07
   2.0384934e+01   3.1264310e-07
   2.0668802e+01   2.9262004e-07
   2.0956624e+01   2.7389871e-07
   2.1248454e+01   2.5639379e-07
   2.1544347e+01   2.4002557e-07
   2.1844361e+01   2.2471960e-07
   2.2148552e+01   2.1040632e-07
   2.2456980e+01   1.9702073e-07
   2.2769703e+01   1.8450214e-07
   2.3086780e+01   1.7279382e-07
   2.3408273e+01   1.6184279e-07
   2.3734243e+01   1.5159955e-07
   2.4064752e+01   1.4201785e-07
   2.4399863e+01   1.3305448e-07
   2.4739641e+01   1.2466908e-07
   2.5084151e+01   1.1682392e-07
   2.5433458e+01   1.0948377e-07
   2.5787629e+01   1.0261570e-07
   2.6146732e+01   9.6188959e-08
   2.6510836e+01   9.0174795e-08
   2.6880010e+01   8.4546356e-08
   2.7254325e+01   7.9278545e-08
   2.7633853e+01   7.4347916e-08
   2.8018666e+01   6.9732556e-08
   2.8408837e+01   6.5411993e-08
   2.8804442e+01   6.1367092e-08
   2.9205555e+01   5.7579975e-08
   2.9612254e+01   5.4033933e-08
   3.0024617e+01   5.0713350e-08
   3.0442722e+01   4.7603635e-08
   3.0866649e+01   4.4691148e-08
   3.1296480e+01   4.1963142e-08
   3.1732296e+01   3.9407704e-08
   3.2174182e+01   3.7013698e-08
   3.2622220e+01   3.4770716e-08
   3.3076498e+01   3.2669028e-08
   3.3537102e+01   3.0699541e-08
   3.4004119e+01   2.8853751e-08
   3.4477641e+01   2.7123713e-08
   3.4957756e+01   2.5501996e-08
   3.5444557e+01   2.3981654e-08
   3.5938137e+01   2.2556192e-08
   3.6438590e+01   2.1219538e-08
   3.6946012e+01   1.9966015e-08
   3.7460500e+01   1.8790314e-08
   3.7982153e+01   1.7687470e-08
   3.8511070e+01   1.6652842e-08
   3.9047352e+01   1.5682087e-08
   3.9591103e+01   1.4771144e-08
   4.0142425e+01   1.3916218e-08
   4.0701425e+01   1.3113754e-08
   4.1268208e+01   1.2360432e-08
   4.1842885e+01   1.1653142e-08
   4.2425564e+01   1.0988977e-08
   4.3016358e+01   1.0365217e-08
   4.3615378e+01   9.7793174e-09
   4.4222740e+01   9.2288966e-09
   4.4838559e+01   8.7117266e-09
   4.5462955e+01   8.2257223e-09
   4.6096045e+01   7.7689325e-09
   4.6737951e+01   7.3395311e-09
   4.7388796e+01   6.9358089e-09
   4.8048704e+01   6.5561659e-09
   4.8717802e+01   6.1991046e-09
   4.9396217e+01   5.8632229e-09
   5.0084080e+01   5.5472081e-09
   5.0781521e+01   5.2498313e-09
   5.1488675e+01   4.9699416e-09
   5.2205675e+01   4.7064613e-09
   5.2932661e+01   4.4583811e-09
   5.3669769e+01   4.2247555e-09
   5.4417143e+01   4.0046991e-09
   5.5174924e+01   3.7973824e-09
   5.5943257e+01   3.6020282e-09
   5.6722290e+01   3.4179083e-09
   5.7512171e+01   3.2443404e-09
   5.8313051e+01   3.0806850e-09
   5.9125084e+01   2.9263429e-09
   5.9948425e+01   2.7807524e-09
   6.0783231e+01   2.6433868e-09
   6.1629663e+01   2.5137526e-09
   6.2487881e+01   2.3913867e-09
   6.3358050e+01   2.2758552e-09
   6.4240337e+01   2.1667509e-09
   6.5134909e+01   2.0636922e-09
   6.6041940e+01   1.9663207e-09
   6.6961601e+01   1.8743006e-09
   6.7894068e+01   1.7873165e-09
   6.8839521e+01   1.7050727e-09
   6.9798139e+01   1.6272914e-09
   7.0770107e+01   1.5537121e-09
   7.1755609e+01   1.4840902e-09
   7.2754835e+01   1.4181958e-09
   7.3767976e+01   1.3558135e-09
   7.4795225e+01   1.2967405e-09
   7.5836779e+01   1.2407867e-09
   7.6892837e+01   1.1877733e-09
   7.7963601e+01   1.1375325e-09
   7.9049276e+01   1.0899064e-09
   8.0150070e+01   1.0447468e-09
   8.1266192e+01   1.0019143e-09
   8.2397857e+01   9.6127776e-10
   8.3545281e+01   9.2271411e-10
   8.4708683e+01   8.8610744e-10
   8.5888286e+01   8.5134877e-10
   8.7084315e+01   8.1833560e-10
   8.8297000e+01   7.8697146e-10
   8.9526571e+01   7.5716559e-10
   9.0773265e+01   7.2883258e-10
   9.2037320e+01   7.0189200e-10
   9.3318977e+01   6.7626814e-10
   9.4618482e+01   6.5188970e-10
   9.5936083e+01   6.2868952e-10
   9.7272032e+01   6.0660435e-10
   9.8626585e+01   5.8557458e-10
   1.0000000e+02   5.6554403e-10
   1.0139254e+02   5.4645976e-10
   1.0280447e+02   5.2827186e-10
   1.0423607e+02   5.1093325e-10
   1.0568760e+02   4.9439955e-10
   1.0715934e+02   4.7862888e-10
   1.0865158e+02   4.6358173e-10
   1.1016459e+02   4.4922081e-10
   1.1169868e+02   4.3551094e-10
   1.1325413e+02   4.2241888e-10
   1.1483124e+02   4.0991326e-10
   1.1643031e+02   3.9796444e-10
   1.1805165e+02   3.8654443e-10
   1.1969557e+02   3.7562677e-10
   1.2136238e+02   3.6518646e-10
   1.2305240e+02   3.5519987e-10
   1.2476596e+02   3.4564463e-10
   1.2650337e+02   3.3649963e-10
   1.2826498e+02   3.2774486e-10
   1.3005113e+02   3.1936140e-10
   1.3186214e+02   3.1133135e-10
   1.3369837e+02   3.0363775e-10
   1.3556018e+02   2.9626456e-10
   1.3744791e+02   2.8919657e-10
   1.3936193e+02   2.8241939e-10
   1.4130260e+02   2.7591937e-10
   1.4327030e+02   2.6968358e-10
   1.4526539e+02   2.6369976e-10
   1.4728827e+02   2.5795628e-10
   1.4933932e+02   2.5244212e-10
   1.5141893e+02   2.4714681e-10
   1.5352750e+02   2.4206044e-10
   1.5566544e+02   2.3717357e-10
   1.5783314e+02   2.3247726e-10
   1.6003103e+02   2.2796303e-10
   1.6225953e+02   2.2362279e-10
   1.6451906e+02   2.1944888e-10
   1.6681005e+02   2.1543401e-10
   1.6913295e+02   2.1157126e-10
   1.7148820e+02   2.0785403e-10
   1.7387624e+02   2.0427607e-10
   1.7629754e+02   2.0083141e-10
   1.7875255e+02   1.9751438e-10
   1.8124175e+02   1.9431959e-10
   1.8376562e+02   1.9124188e-10
   1.8632463e+02   1.8827637e-10
   1.8891928e+02   1.8541840e-10
   1.9155006e+02   1.8266351e-10
   1.9421747e+02   1.8000747e-10
   1.9692203e+02   1.7744625e-10
   1.9966425e+02   1.7497600e-10
   2.0244465e+02   1.7259303e-10
   2.0526378e+02   1.7029386e-10
   2.0812216e+02   1.6807513e-10
   2.1102034e+02   1.6593366e-10
   2.1395889e+02   1.6386638e-10
   2.1693835e+02   1.6187040e-10
   2.1995931e+02   1.5994294e-10
   2.2302233e+02   1.5808132e-10
   2.2612801e+02   1.5628303e-10
   2.2927693e+02   1.5454561e-10
   2.3246971e+02   1.5286677e-10
   2.3570694e+02   1.5124426e-10
   2.3898926e+02   1.4967597e-10
   2.4231728e+02   1.4815986e-10
   2.4569165e+02   1.4669398e-10
   2.4911300e+02   1.4527648e-10
   2.5258200e+02   1.4390556e-10
   2.5609931e+02   1.4257951e-10
   2.5966560e+02   1.4129669e-10
   2.6328155e+02   1.4005554e-10
   2.6694785e+02   1.3885455e-10
   2.7066521e+02   1.3769226e-10
   2.7443433e+02   1.3656730e-10
   2.7825594e+02   1.3547833e-10
   2.8213077e+02   1.3442409e-10
   2.8605955e+02   1.3340334e-10
   2.9004305e+02   1.3241492e-10
   2.9408202e+02   1.3145768e-10
   2.9817723e+02   1.3053056e-10
   3.0232947e+02   1.2963249e-10
   3.0653953e+02   1.2876250e-10
   3.1080822e+02   1.2791961e-10
   3.1513635e+02   1.2710289e-10
   3.1952475e+02   1.2631147e-10
   3.2397426e+02   1.2554447e-10
   3.2848574e+02   1.2480109e-10
   3.3306003e+02   1.2408053e-10
   3.3769803e+02   1.2338202e-10
   3.4240061e+02   1.2270484e-10
   3.4716868e+02   1.2204827e-10
   3.5200315e+02   1.2141165e-10
   3.5690493e+02   1.2079430e-10
   3.6187498e+02   1.2019561e-10
   3.6691424e+02   1.1961496e-10
   3.7202367e+02   1.1905176e-10
   3.7720425e+02   1.1850546e-10
   3.8245697e+02   1.1797551e-10
   3.8778284e+02   1.1746138e-10
   3.9318288e+02   1.1696257e-10
   3.9865811e+02   1.1647859e-10
   4.0420958e+02   1.1600897e-10
   4.0983837e+02   1.1555324e-10
   4.1554553e+02   1.1511099e-10
   4.2133217e+02   1.1468177e-10
   4.2719940e+02   1.1426518e-10
   4.3314832e+02   1.1386083e-10
   4.3918009e+02   1.1346834e-10
   4.4529585e+02   1.1308733e-10
   4.5149678e+02   1.1271746e-10
   4.5778405e+02   1.1235837e-10
   4.6415888e+02   1.1200974e-10
   4.7062248e+02   1.1167124e-10
   4.7717609e+02   1.1134256e-10
   4.8382097e+02   1.1102341e-10
   4.9055837e+02   1.1071349e-10
   4.9738960e+02   1.1041252e-10
   5.0431595e+02   1.1012024e-10
   5.1133875e+02   1.0983638e-10
   5.1845935e+02   1.0956068e-10
   5.2567911e+02   1.0929290e-10
   5.3299941e+02   1.0903280e-10
   5.4042164e+02   1.0878015e-10
   5.4794723e+02   1.0853474e-10
   5.5557762e+02   1.0829634e-10
   5.6331427e+02   1.0806474e-10
   5.7115865e+02   1.0783975e-10
   5.7911226e+02   1.0762116e-10
   5.8717664e+02   1.0740879e-10
   5.9535331e+02   1.0720246e-10
   6.0364385e+02   1.0700198e-10
   6.1204984e+02   1.0680719e-10
   6.2057288e+02   1.0661792e-10
   6.2921461e+02   1.0643400e-10
   6.3797668e+02   1.0625528e-10
   6.4686077e+02   1.0608162e-10
   6.5586857e+02   1.0591285e-10
   6.6500180e+02   1.0574884e-10
   6.7426222e+02   1.0558945e-10
   6.8365160e+02   1.0543455e-10
   6.9317173e+02   1.0528400e-10
   7.0282443e+02   1.0513769e-10
   7.1261154e+02   1.0499548e-10
   7.2253495e+02   1.0485726e-10
   7.3259654e+02   1.0472292e-10
   7.4279825e+02   1.0459235e-10
   7.5314202e+02   1.0446543e-10
   7.6362983e+02   1.0434206e-10
   7.7426368e+02   1.0422213e-10
   7.8504562e+02   1.0410556e-10
   7.9597770e+02   1.0399225e-10
   8.0706201e+02   1.0388210e-10
   8.1830068e+02   1.0377502e-10
   8.2969585e+02   1.0367092e-10
   8.4124970e+02   1.0356972e-10
   8.5296445e+02   1.0347135e-10
   8.6484233e+02   1.0337570e-10
   8.7688561e+02   1.0328272e-10
   8.8909660e+02   1.0319233e-10
   9.0147763e+02   1.0310444e-10
   9.1403107e+02   1.0301900e-10
   9.2675933e+02   1.0293592e-10
   9.3966483e+02   1.0285516e-10
   9.5275005e+02   1.0277663e-10
   9.6601748e+02   1.0270028e-10
   9.7946967e+02   1.0262604e-10
   9.9310918e+02   1.0255386e-10
   1.0069386e+03   1.0248368e-10
   1.0209607e+03   1.0241544e-10
   1.0351780e+03   1.0234909e-10
   1.0495932e+03   1.0228457e-10
   1.0642092e+03   1.0222184e-10
   1.0790288e+03   1.0216084e-10
   1.0940547e+03   1.0210152e-10
   1.1092899e+03   1.0204385e-10
   1.1247372e+03   1.0198776e-10
   1.1403996e+03   1.0193323e-10
   1.1562801e+03   1.0188019e-10
   1.1723818e+03   1.0182862e-10
   1.1887077e+03   1.0177847e-10
   1.2052609e+03   1.0172971e-10
   1.2220447e+03   1.0168229e-10
   1.2390622e+03   1.0163617e-10
   1.2563166e+03   1.0159132e-10
   1.2738113e+03   1.0154771e-10
   1.2915497e+03   1.0150530e-10
   1.3095350e+03   1.0146406e-10
   1.3277708e+03   1.0142395e-10
   1.3462606e+03   1.0138495e-10
   1.3650078e+03   1.0134701e-10
   1.3840161e+03   1.0131012e-10
   1.4032891e+03   1.0127425e-10
   1.4228305e+03   1.0123936e-10
   1.4426440e+03   1.0120543e-10
   1.4627334e+03   1.0117243e-10
   1.4831025e+03   1.0114034e-10
   1.5037553e+03   1.0110913e-10
   1.5246957e+03   1.0107877e-10
   1.5459277e+03   1.0104925e-10
   1.5674554e+03   1.0102054e-10
   1.5892829e+03   1.0099262e-10
   1.6114143e+03   1.0096546e-10
   1.6338539e+03   1.0093905e-10
   1.6566060e+03   1.0091336e-10
   1.6796749e+03   1.0088838e-10
   1.7030650e+03   1.0086408e-10
   1.7267809e+03   1.0084045e-10
   1.7508270e+03   1.0081747e-10
   1.7752080e+03   1.0079512e-10
   1.7999285e+03   1.0077338e-10
   1.8249932e+03   1.0075223e-10
   1.8504070e+03   1.0073167e-10
   1.8761747e+03   1.0071166e-10
   1.9023012e+03   1.0069221e-10
   1.9287915e+03   1.0067329e-10
   1.9556507e+03   1.0065488e-10
   1.9828839e+03   1.0063699e-10
   2.0104964e+03   1.0061958e-10
   2.0384934e+03   1.0060264e-10
   2.0668802e+03   1.0058618e-10
   2.0956624e+03   1.0057016e-10
   2.1248454e+03   1.0055458e-10
   2.1544347e+03   1.0053943e-10
   2.1844361e+03   1.0052469e-10
   2.2148552e+03   1.0051035e-10
   2.2456980e+03   1.0049641e-10
   2.2769703e+03   1.0048285e-10
   2.3086780e+03   1.0046966e-10
   2.3408273e+03   1.0045683e-10
   2.3734243e+03   1.0044435e-10
   2.4064752e+03   1.0043221e-10
   2.4399863e+03   1.0042041e-10
   2.4739641e+03   1.0040892e-10
   2.5084151e+03   1.0039775e-10
   2.5433458e+03   1.0038689e-10
   2.5787629e+03   1.0037633e-10
   2.6146732e+03   1.0036605e-10
   2.6510836e+03   1.0035605e-10
   2.6880010e+03   1.0034633e-10
   2.7254325e+03   1.0033687e-10
   2.7633853e+03   1.0032767e-10
   2.8018666e+03   1.0031873e-10
   2.8408837e+03   1.0031002e-10
   2.8804442e+03   1.0030156e-10
   2.9205555e+03   1.0029332e-10
   2.9612254e+03   1.0028532e-10
   3.0024617e+03   1.0027753e-10
   3.0442722e+03   1.0026995e-10
   3.0866649e+03   1.0026258e-10
   3.1296480e+03   1.0025541e-10
   3.1732296e+03   1.0024844e-10
   3.2174182e+03   1.0024166e-10
   3.2622220e+03   1.0023506e-10
   3.3076498e+03   1.0022864e-10
   3.3537102e+03   1.0022240e-10
   3.4004119e+03   1.0021633e-10
   3.4477641e+03   1.0021042e-10
   3.4957756e+03   1.0020468e-10
   3.5444557e+03   1.0019909e-10
   3.5938137e+03   1.0019366e-10
   3.6438590e+03   1.0018837e-10
   3.6946012e+03   1.0018323e-10
   3.7460500e+03   1.0017823e-10
   3.7982153e+03   1.0017337e-10
   3.8511070e+03   1.0016863e-10
   3.9047352e+03   1.0016403e-10
   3.9591103e+03   1.0015955e-10
   4.0142425e+03   1.0015520e-10
   4.0701425e+03   1.0015096e-10
   4.1268208e+03   1.0014684e-10
   4.1842885e+03   1.0014284e-10
   4.2425564e+03   1.0013894e-10
   4.3016358e+03   1.0013515e-10
   4.3615378e+03   1.0013146e-10
   4.4222740e+03   1.0012787e-10
   4.4838559e+03   1.0012438e-10
   4.5462955e+03   1.0012099e-10
   4.6096045e+03   1.0011769e-10
   4.6737951e+03   1.0011447e-10
   4.7388796e+03   1.0011135e-10
   4.8048704e+03   1.0010831e-10
   4.8717802e+03   1.0010536e-10
   4.9396217e+03   1.0010248e-10
   5.0084080e+03   1.0009968e-10
   5.0781521e+03   1.0009696e-10
   5.1488675e+03   1.0009432e-10
   5.2205675e+03   1.0009174e-10
   5.2932661e+03   1.0008924e-10
   5.3669769e+03   1.0008681e-10
   5.4417143e+03   1.0008444e-10
   5.5174924e+03   1.0008213e-10
   5.5943257e+03   1.0007989e-10
   5.6722290e+03   1.0007771e-10
   5.7512171e+03   1.0007559e-10
   5.8313051e+03   1.0007353e-10
   5.9125084e+03   1.0007152e-10
   5.9948425e+03   1.0006957e-10
   6.0783231e+03   1.0006767e-10
   6.1629663e+03   1.0006583e-10
   6.2487881e+03   1.0006403e-10
   6.3358050e+03   1.0006228e-10
   6.4240337e+03   1.0006058e-10
   6.5134909e+03   1.0005893e-10
   6.6041940e+03   1.0005732e-10
   6.6961601e+03   1.0005576e-10
   6.7894068e+03   1.0005424e-10
   6.8839521e+03   1.0005276e-10
   6.9798139e+03   1.0005132e-10
   7.0770107e+03   1.0004992e-10
   7.1755609e+03   1.0004856e-10
   7.2754835e+03   1.0004723e-10
   7.3767976e+03   1.0004594e-10
   7.4795225e+03   1.0004469e-10
   7.5836779e+03   1.0004347e-10
   7.6892837e+03   1.0004228e-10
   7.7963601e+03   1.0004113e-10
   7.9049276e+03   1.0004001e-10
   8.0150070e+03   1.0003892e-10
   8.1266192e+03   1.0003786e-10
   8.2397857e+03   1.0003682e-10
   8.3545281e+03   1.0003582e-10
   8.4708683e+03   1.0003484e-10
   8.5888286e+03   1.0003389e-10
   8.7084315e+03   1.0003297e-10
   8.8297000e+03   1.0003207e-10
   8.9526571e+03   1.0003119e-10
   9.0773265e+03   1.0003034e-10
   9.2037320e+03   1.0002951e-10
   9.3318977e+03   1.0002871e-10
   9.4618482e+03   1.0002792e-10
   9.5936083e+03   1.0002716e-10
   9.7272032e+03   1.0002642e-10
   9.8626585e+03   1.0002570e-10
   1.0000000e+04   1.0002500e-10
